P2.2_CPM_Marine
2 2
48.14 1.94225176568
48.48 1.92863036304
48.13 1.94265530854
2 4
26.11 3.58100344696
26.12 3.57963246554
26.11 3.58100344696
4 4
25.11 3.72361608921
25.08 3.72807017544
25.08 3.72807017544
4 8
15.60 5.99358974359
15.59 5.99743425273
15.59 5.99743425273
8 8
14.59 6.4084989719
14.58 6.41289437586
14.59 6.4084989719
8 16
09.33 10.0214362272
09.33 10.0214362272
09.33 10.0214362272
8 32
06.33 14.7709320695
06.35 14.7244094488
06.34 14.7476340694
8 x 2 64
09.21 10.1520086862
09.36 9.98931623932
09.50 9.84210526316
8 x 4 128
12.45 7.51004016064
12.74 7.33908948195
12.54 7.45614035088
P2.2_CPM_Marine_Depth7
2 2
46.56 2.00816151203
46.57 2.00773029848
46.55 2.00859291085
2 4
24.52 3.8132137031
24.53 3.81165919283
24.55 3.80855397149
4 4
23.53 3.97365065873
23.50 3.97872340426
23.50 3.97872340426
4 8
13.15 7.1102661597
13.13 7.12109672506
13.13 7.12109672506
8 8
12.14 7.7018121911
12.12 7.71452145215
12.13 7.70816158285
8 16
07.72 12.1113989637
07.72 12.1113989637
07.71 12.1271076524
8 32
04.79 19.5198329854
04.79 19.5198329854
04.85 19.2783505155
8 x 2 64
06.32 14.7943037975
06.40 14.609375
06.30 14.8412698413
8 x 4 128
06.80 13.75
06.59 14.1881638847
06.72 13.9136904762
P2.2_CPM_Marine_Non-Balanced
2 2
48.30 1.93581780538
48.12 1.94305901912
48.13 1.94265530854
2 4
26.11 3.58100344696
26.10 3.58237547893
26.17 3.57279327474
4 4
25.12 3.72213375796
25.08 3.72807017544
25.08 3.72807017544
4 8
15.59 5.99743425273
15.60 5.99358974359
15.61 5.98975016015
8 8
14.58 6.41289437586
14.58 6.41289437586
14.58 6.41289437586
8 16
09.33 10.0214362272
09.33 10.0214362272
09.33 10.0214362272
8 32
06.32 14.7943037975
06.35 14.7244094488
06.32 14.7943037975
8 x 2 64
09.32 10.0321888412
09.25 10.1081081081
08.41 11.1177170036
8 x 4 128
12.51 7.47402078337
12.61 7.41475019826
12.50 7.48
P2.2_CPM_Marine_Non-Balanced_Depth7
2 2
27.38 3.41490138787
27.37 3.41614906832
27.37 3.41614906832
2 4
08.67 10.7843137255
08.67 10.7843137255
08.68 10.7718894009
4 4
07.67 12.1903520209
07.67 12.1903520209
07.67 12.1903520209
4 8
03.43 27.2594752187
03.43 27.2594752187
03.43 27.2594752187
8 8
02.43 38.4773662551
02.43 38.4773662551
02.44 38.3196721311
8 16
02.08 44.9519230769
02.08 44.9519230769
02.08 44.9519230769
8 32
01.87 50.0
01.87 50.0
01.87 50.0
8 x 2 64
03.21 29.1277258567
03.26 28.6809815951
03.31 28.247734139
8 x 4 128
02.65 35.2830188679
02.60 35.9615384615
02.65 35.2830188679
P2.2_CPM_Marine_Non-Balanced_Depth6
2 2
23.02 4.06168549088
23.04 4.05815972222
23.05 4.05639913232
2 4
06.88 13.5901162791
06.88 13.5901162791
06.88 13.5901162791
4 4
05.87 15.9284497445
05.89 15.8743633277
05.88 15.9013605442
4 8
04.59 20.3703703704
04.58 20.4148471616
04.58 20.4148471616
8 8
03.60 25.9722222222
03.59 26.0445682451
03.59 26.0445682451
8 16
02.56 36.5234375
02.56 36.5234375
02.56 36.5234375
8 32
02.63 35.5513307985
02.63 35.5513307985
02.64 35.4166666667
8 x 2 64
03.75 24.9333333333
03.74 25.0
03.75 24.9333333333
8 x 4 128
02.60 35.9615384615
02.61 35.8237547893
02.59 36.1003861004
P2.2_CPM_Marine_Depth6
2 2
46.30 2.01943844492
46.53 2.00945626478
46.30 2.01943844492
2 4
24.41 3.83039737812
24.42 3.82882882883
24.44 3.82569558101
4 4
23.39 3.9974348012
23.39 3.9974348012
23.39 3.9974348012
4 8
12.89 7.25368502715
12.88 7.25931677019
12.89 7.25368502715
8 8
11.89 7.8637510513
11.88 7.87037037037
12.11 7.72089182494
8 16
07.07 13.224893918
07.07 13.224893918
07.07 13.224893918
8 32
04.75 19.6842105263
04.76 19.6428571429
04.76 19.6428571429
8 x 2 64
07.07 13.224893918
07.17 13.040446304
07.08 13.2062146893
8 x 4 128
07.12 13.1320224719
07.07 13.224893918
07.09 13.1875881523
