1804289383 846930886 1681692777
910375920 1345461578 1896181529
1221069815 771523977 1636361493
1617739725 1455033559 522227855
1330809454 704191590 301995565
1516306338 154833854 1656844268
2118383419 559927362 1870697007
541647651 419723294 302649230
572146091 1818107435 567288879
1589564037 1362466805 1275346964
1345396254 1951582429 657760915
130564568 2123025505 148382276
2128036368 295810087 571797961
1799264005 1734174567 514150428
1377995364 1359940662 914556769
791921621 2079843371 1655431707
320471078 2040977409 1524058057
1712480662 118419781 1455920076
682185433 888623812 321684413
1579718082 892744789 1923477653
1255584569 711491752 1421496539
1301173762 1385232134 2054821568
1432017735 591339226 655812167
2130863259 1794850474 1481703773
53799339 1751150258 1060228832
236173651 1378816047 853126510
434667338 191011618 1060566167
286647845 395698231 1666153870
1921715949 285742864 56636122
2076920936 754081009 148149595
1929690634 2115227139 731032562
104351210 1249467362 853451224
