P2.1_CPM_MarineRuiz
gat
4
23.50
23.78
23.62
23.66
23.54
23.63
23.51
23.57
23.72
23.48
8
23.45
23.68
23.41
23.71
23.40
23.80
23.37
23.68
23.67
23.31
16
23.63
23.51
23.52
23.84
23.64
23.52
23.39
23.47
23.53
23.54
32
23.62
23.73
23.46
23.65
23.57
23.65
23.67
23.57
23.66
23.80
roquer
4
08.03
08.01
08.00
07.95
08.03
08.08
07.93
07.86
08.02
08.01
8
08.05
08.03
08.16
08.04
08.49
07.94
08.05
08.07
08.08
08.08
16
08.03
08.76
08.50
08.04
08.11
08.50
08.02
08.02
08.00
08.03
32
08.00
07.83
08.00
08.08
07.97
08.04
07.94
08.04
07.97
08.10
teen
4










8










16










32










